# This file may be used to create an environment using:
# $ conda create --name <env> --file <this file>
# platform: win-64
_tflow_select=2.3.0=mkl
absl-py=0.9.0=py36h9f0ad1d_1
astor=0.7.1=py_0
blas=1.0=mkl
blinker=1.4=py_1
ca-certificates=2019.11.28=hecc5488_0
cachetools=3.1.1=py_0
certifi=2019.11.28=py36h9f0ad1d_1
cffi=1.14.0=py36ha419a9e_0
chardet=3.0.4=py36h9f0ad1d_1006
click=7.1.1=pyh8c360ce_0
cryptography=2.8=py36hb32ad35_1
flask=1.1.1=py_1
freetype=2.10.1=ha9979f8_0
gast=0.2.2=py_0
google-auth=1.12.0=pyh9f0ad1d_0
google-auth-oauthlib=0.4.1=py_2
google-pasta=0.2.0=pyh8c360ce_0
grpcio=1.27.2=py36h351948d_0
gunicorn=20.0.4=pypi_0
h5py=2.10.0=nompi_py36h422b98e_102
hdf5=1.10.5=nompi_ha405e13_1104
icc_rt=2019.0.0=h0cc432a_1
idna=2.9=py_1
intel-openmp=2019.4=245
itsdangerous=1.1.0=py_0
jinja2=2.11.1=py_0
jpeg=9c=hfa6e2cd_1001
keras=2.3.1=py36h21ff451_0
keras-applications=1.0.8=py_1
keras-preprocessing=1.1.0=py_0
libblas=3.8.0=14_mkl
libcblas=3.8.0=14_mkl
libgpuarray=0.7.6=hfa6e2cd_1003
liblapack=3.8.0=14_mkl
libmklml=2019.0.5=0
libpng=1.6.37=hfe6a214_1
libprotobuf=3.11.3=h1a1b453_0
libtiff=4.1.0=h885aae3_6
lz4-c=1.8.3=he025d50_1001
m2w64-gcc-libgfortran=5.3.0=6
m2w64-gcc-libs=5.3.0=7
m2w64-gcc-libs-core=5.3.0=7
m2w64-gmp=6.1.0=2
m2w64-libwinpthread-git=5.0.0.4634.697f757=2
mako=1.1.0=py_0
markdown=3.2.1=py_0
markupsafe=1.1.1=py36h68a101e_1
mkl=2019.4=245
mkl-service=2.3.0=py36hfa6e2cd_0
msys2-conda-epoch=20160418=1
numpy=1.18.1=py36h48dd78f_1
oauthlib=3.0.1=py_0
olefile=0.46=py_0
openssl=1.1.1e=hfa6e2cd_0
opt_einsum=3.2.0=py_0
pillow=7.0.0=py36h8ffffea_1
pip=20.0.2=py_2
protobuf=3.11.3=py36he025d50_0
pyasn1=0.4.8=py_0
pyasn1-modules=0.2.7=py_0
pycparser=2.20=py_0
pygpu=0.7.6=py36hc8d92b1_1000
pyjwt=1.7.1=py_0
pyopenssl=19.1.0=py_1
pyreadline=2.1=py36_1001
pysocks=1.7.1=py36h9f0ad1d_1
python=3.6.10=he025d50_1009_cpython
python_abi=3.6=1_cp36m
pyyaml=5.3.1=py36h68a101e_0
requests=2.23.0=pyh8c360ce_2
requests-oauthlib=1.2.0=py_0
rsa=4.0=py_0
scipy=1.4.1=py36h9439919_0
setuptools=46.1.3=py36h9f0ad1d_0
six=1.14.0=py_1
tensorboard=2.1.0=py3_0
tensorflow=2.1.0=mkl_py36h31ad7c1_0
tensorflow-base=2.1.0=mkl_py36h230818c_0
tensorflow-estimator=2.1.0=pyhd54b08b_0
termcolor=1.1.0=py_2
theano=1.0.4=py36h6538335_1001
tk=8.6.10=hfa6e2cd_0
urllib3=1.25.7=py36h9f0ad1d_1
vc=14.1=h0510ff6_4
vs2015_runtime=14.16.27012=hf0eaf9b_1
vs2015_win-64=14.0.25420=h55c1224_11
werkzeug=0.16.1=py_0
wheel=0.34.2=py_1
win_inet_pton=1.1.0=py36_0
wincertstore=0.2=py36_1003
wrapt=1.12.1=py36h68a101e_1
xz=5.2.4=h2fa13f4_1002
yaml=0.2.2=hfa6e2cd_1
zlib=1.2.11=h2fa13f4_1006
zstd=1.4.4=hd8a0e53_2
